1 1 5 250 1232
1 1 7 1233 1392
1 1 4 1393 2194
1 1 8 2195 2359
1 1 5 2360 3374
1 1 11 3375 3662
1 1 6 3663 4538
1 1 10 4539 4735
1 1 4 4736 5667
1 1 9 5668 5859
1 1 6 5860 6786
1 1 12 6787 6977
1 1 1 7496 8078
1 1 1 8356 9250
1 1 1 9657 10567
1 1 1 10750 11714
1 1 3 13191 13846
1 1 2 14069 14699
1 1 3 14869 15492
1 1 2 15712 16377
1 1 3 16530 17153
1 1 2 17298 17970
2 1 5 251 1226
2 1 7 1227 1432
2 1 4 1433 2221
2 1 8 2222 2377
2 1 5 2378 3304
2 1 11 3305 3572
2 1 6 3573 4435
2 1 10 4436 4619
2 1 4 4620 5452
2 1 9 5453 5689
2 1 6 5690 6467
2 1 12 6468 6709
2 1 1 7624 8252
2 1 1 8618 9576
2 1 1 9991 10927
2 1 1 11311 12282
2 1 3 13129 13379
2 1 3 13495 13927
2 1 2 14128 14783
2 1 3 15037 15684
2 1 2 15920 16598
2 1 3 16847 17471
2 1 2 17725 18425
3 2 5 298 1398
3 2 7 1399 1555
3 2 4 1686 2627
3 2 8 2628 2769
3 2 5 2770 3904
3 2 11 3905 4322
3 2 6 4323 5139
3 2 10 5140 5417
3 2 4 5418 6190
3 2 9 6191 6415
3 2 6 6416 7367
3 2 12 7368 7548
3 2 1 8434 9501
3 2 1 9854 10926
3 2 3 11704 12390
3 2 2 12631 13306
3 2 3 13649 14244
3 2 2 14528 15166
3 2 3 15477 16002
3 2 2 16259 16870
4 2 5 524 1351
4 2 7 1352 1511
4 2 4 1512 2309
4 2 8 2310 2448
4 2 5 2449 3337
4 2 11 3338 3542
4 2 6 3543 4348
4 2 10 4349 4490
4 2 4 4491 5301
4 2 9 5302 5455
4 2 6 5456 6417
4 2 12 6418 6598
4 2 1 7306 8343
4 2 1 8720 9686
4 2 3 10438 11056
4 2 2 11294 11928
4 2 3 12171 12732
4 2 2 12986 13602
4 2 3 13862 14444
4 2 2 14705 15274
5 3 5 243 1364
5 3 7 1365 1506
5 3 4 1507 2360
5 3 8 2361 2470
5 3 5 2471 3618
5 3 11 3619 3834
5 3 6 3835 4850
5 3 10 4851 5074
5 3 4 5075 6059
5 3 9 6060 6210
5 3 6 6211 7378
5 3 12 7379 7562
5 3 1 8687 9837
5 3 1 10240 11305
5 3 2 14018 14694
5 3 3 15098 15693
5 3 2 15985 16611
5 3 3 16964 17559
5 3 2 17811 18477
5 3 3 18810 19325
5 3 2 19536 20152
6 3 5 482 1493
6 3 7 1494 1683
6 3 4 1684 2515
6 3 8 2516 2698
6 3 5 2699 3873
6 3 11 3874 4108
6 3 6 4109 5211
6 3 10 5212 5408
6 3 4 5409 6410
6 3 9 6411 6580
6 3 6 6581 7720
6 3 12 7721 7887
6 3 1 8700 9666
6 3 1 10005 10940
6 3 3 11720 12410
6 3 2 12703 13384
6 3 3 13660 14332
6 3 2 14587 15213
6 3 3 15375 15972
6 3 2 16146 16779
7 4 5 198 1291
7 4 7 1292 1527
7 4 4 1528 2381
7 4 8 2382 2511
7 4 5 2512 3416
7 4 11 3417 3748
7 4 6 3749 4816
7 4 10 4817 5031
7 4 4 5032 5896
7 4 9 5897 6120
7 4 6 6121 7109
7 4 12 7110 7275
7 4 1 8125 9269
7 4 1 9443 10483
7 4 3 11340 11596
7 4 3 11824 12047
7 4 2 12653 13437
7 4 3 13625 14341
7 4 2 14548 15230
7 4 3 15391 16025
7 4 2 16178 16814
8 4 5 230 1292
8 4 7 1293 1470
8 4 4 1471 2430
8 4 8 2431 2573
8 4 5 2574 3438
8 4 11 3439 3757
8 4 6 3758 4574
8 4 10 4575 4784
8 4 4 4785 5600
8 4 9 5601 5835
8 4 6 5836 6681
8 4 12 6682 6852
8 4 1 7873 8907
8 4 1 9045 10016
8 4 3 10629 11231
8 4 2 11392 11991
8 4 3 12205 12762
8 4 2 12939 13565
8 4 3 13729 14283
8 4 2 14391 15007
9 5 5 136 1221
9 5 7 1222 1386
9 5 4 1387 2199
9 5 8 2200 2325
9 5 5 2326 3314
9 5 11 3315 3660
9 5 6 3661 4599
9 5 10 4600 4855
9 5 4 4856 5686
9 5 9 5687 5906
9 5 6 5907 6876
9 5 12 6877 7049
9 5 1 7891 9023
9 5 1 9216 10237
9 5 3 11051 11704
9 5 2 11867 12553
9 5 3 12795 13414
9 5 2 13567 14201
9 5 3 14384 14963
9 5 2 15087 15725
10 5 5 153 1152
10 5 7 1153 1387
10 5 4 1388 2182
10 5 8 2183 2311
10 5 5 2312 3283
10 5 11 3284 3598
10 5 6 3599 4463
10 5 10 4464 4666
10 5 4 4667 5429
10 5 9 5430 5688
10 5 6 5689 6564
10 5 12 6565 6706
10 5 1 7443 8357
10 5 1 8547 9452
10 5 3 10006 10586
10 5 2 10751 11344
10 5 3 11526 12055
10 5 2 12187 12755
10 5 3 12928 13471
10 5 2 13593 14163
11 6 5 210 1116
11 6 7 1117 1301
11 6 4 1302 2315
11 6 8 2316 2429
11 6 5 2430 3666
11 6 11 3667 3979
11 6 6 3980 4907
11 6 10 4908 5080
11 6 4 5081 6138
11 6 9 6139 6296
11 6 6 6297 7335
11 6 12 7336 7521
11 6 1 8212 9291
11 6 1 9520 10519
11 6 3 11222 11813
11 6 2 11965 12633
11 6 3 12805 13386
11 6 2 13554 14180
11 6 3 14360 14944
11 6 2 15113 15763
12 6 5 207 1218
12 6 7 1219 1369
12 6 4 1370 2202
12 6 8 2203 2334
12 6 5 2335 3263
12 6 11 3264 3543
12 6 6 3544 4501
12 6 10 4502 4666
12 6 4 4667 5732
12 6 9 5733 5890
12 6 6 5891 6944
12 6 12 6945 7198
12 6 1 7925 8894
12 6 1 9124 10089
12 6 3 10704 11294
12 6 2 11437 12082
12 6 3 12225 12812
12 6 2 12970 13604
12 6 3 13731 14321
12 6 2 14479 15082
13 7 5 468 1498
13 7 7 1499 1612
13 7 4 1613 2477
13 7 8 2478 2570
13 7 5 2571 3498
13 7 11 3631 3836
13 7 6 3837 4746
13 7 10 4747 4892
13 7 4 4893 5832
13 7 9 5833 6089
13 7 6 6090 6998
13 7 12 6999 7204
13 7 1 8074 9152
13 7 1 9390 10382
13 7 3 11111 11830
13 7 2 12007 12719
13 7 3 13092 13718
13 7 2 13935 14540
13 7 3 14849 15407
13 7 2 15695 16286
14 7 5 505 1387
14 7 7 1388 1477
14 7 4 1478 2347
14 7 8 2348 2421
14 7 5 2422 3423
14 7 11 3424 3623
14 7 6 3624 4513
14 7 10 4514 4636
14 7 4 4637 5382
14 7 9 5383 5571
14 7 6 5572 6406
14 7 12 6407 6576
14 7 1 7236 8205
14 7 1 8503 9476
14 7 3 10323 10918
14 7 2 11170 11816
14 7 3 12076 12629
14 7 2 12927 13539
14 7 3 13778 14332
14 7 2 14504 15116
15 8 5 269 1192
15 8 7 1193 1303
15 8 4 1304 1926
15 8 8 1927 2000
15 8 5 2001 2804
15 8 11 2805 3015
15 8 6 3016 3941
15 8 10 3942 4101
15 8 4 4102 5081
15 8 9 5082 5247
15 8 6 5248 6149
15 8 12 6150 6322
15 8 1 7275 8197
15 8 1 8518 9267
15 8 1 9382 9522
15 8 3 10276 10834
15 8 2 11085 11657
15 8 3 11957 12466
15 8 2 12708 13272
15 8 3 13552 14072
15 8 2 14287 14840
16 8 5 202 1313
16 8 7 1314 1442
16 8 4 1443 2209
16 8 8 2210 2323
16 8 5 2324 3484
16 8 11 3485 3680
16 8 6 3681 4595
16 8 10 4596 4731
16 8 4 4732 5656
16 8 9 5657 5803
16 8 6 5804 6918
16 8 10 6919 7083
16 8 8 7357 7473
16 8 1 9093 9948
16 8 1 10224 11055
16 8 3 11682 12162
16 8 2 12315 12895
16 8 3 13123 13597
16 8 2 13785 14294
16 8 3 14517 14997
16 8 2 15196 15706
17 9 5 453 1212
17 9 7 1213 1330
17 9 4 1331 2156
17 9 8 2157 2262
17 9 5 2263 3234
17 9 11 3235 3422
17 9 6 3423 4283
17 9 10 4284 4460
17 9 4 4461 5585
17 9 9 5586 5789
17 9 6 5790 6682
17 9 12 6683 6850
17 9 1 7891 8811
17 9 1 9030 9950
17 9 3 10717 10943
17 9 3 10969 11354
17 9 2 11585 11907
17 9 2 11922 12370
17 9 3 12492 12707
17 9 3 12880 13226
17 9 2 13350 13946
17 9 3 14135 14714
17 9 2 14846 15441
18 9 5 660 1459
18 9 7 1460 1591
18 9 4 1592 2454
18 9 8 2455 2551
18 9 5 2552 3522
18 9 11 3523 3781
18 9 6 3782 4702
18 9 10 4703 4830
18 9 4 4831 5794
18 9 9 5795 5955
18 9 6 5956 7111
18 9 12 7112 7260
18 9 1 7922 8823
18 9 1 9014 9929
18 9 3 10522 11096
18 9 2 11185 11791
18 9 3 11955 12519
18 9 2 12617 13215
18 9 3 13378 13952
18 9 2 14134 14666
19 10 5 388 1237
19 10 7 1238 1370
19 10 4 1371 2238
19 10 8 2239 2327
19 10 5 2459 3353
19 10 11 3354 3582
19 10 6 3583 4655
19 10 10 4656 4824
19 10 4 4825 5702
19 10 9 5703 5883
19 10 6 5884 6919
19 10 12 6920 7037
19 10 1 8046 9011
19 10 1 9352 10272
19 10 3 10886 11379
19 10 2 11571 12097
19 10 3 12289 12793
19 10 2 12947 13527
19 10 3 13689 14223
19 10 2 14440 15051
20 10 5 423 1249
20 10 7 1250 1361
20 10 4 1362 2540
20 10 8 2541 2618
20 10 5 2750 3544
20 10 11 3545 3697
20 10 6 3698 4504
20 10 10 4505 4618
20 10 4 4619 5583
20 10 9 5584 5742
20 10 6 5743 7007
20 10 12 7008 7144
21 10 1 1581 2498
21 10 1 2741 3645
21 10 3 4250 4749
21 10 2 4896 5472
21 10 3 5588 6090
21 10 2 6189 6797
21 10 3 6941 7468
21 10 2 7633 8260
22 11 5 415 1233
22 11 7 1234 1374
22 11 4 1375 2379
22 11 8 2380 2511
22 11 5 2512 3360
22 11 11 3361 3553
22 11 6 3554 4555
22 11 10 4556 4734
22 11 4 4735 5572
22 11 9 5573 5757
22 11 6 5758 6865
22 11 12 6866 7004
22 11 1 7870 8980
22 11 1 9197 9868
22 11 1 10046 10384
22 11 3 10823 11393
22 11 2 11610 12227
22 11 3 12488 13043
22 11 2 13183 13839
22 11 3 14008 14596
22 11 2 14707 15373
23 11 5 698 1715
23 11 7 1716 1887
23 11 4 1888 2939
23 11 8 2940 3071
23 11 5 3072 3993
23 11 11 3994 4180
23 11 6 4181 5297
23 11 10 5298 5519
23 11 4 5520 6437
23 11 9 6438 6635
23 11 6 6636 7474
23 11 12 7475 7670
23 11 1 8486 9529
23 11 1 9707 10763
23 11 3 11369 11957
23 11 2 12089 12767
23 11 3 12918 13501
23 11 2 13628 14298
23 11 3 14425 15040
23 11 2 15168 15874
24 12 5 512 1298
24 12 7 1299 1473
24 12 4 1474 2338
24 12 8 2339 2442
24 12 5 2580 3725
24 12 11 3900 4104
24 12 6 4105 5082
24 12 10 5083 5260
24 12 4 5261 6417
24 12 9 6418 6590
24 12 6 6591 7547
24 12 12 7548 7754
24 12 1 8447 9432
24 12 1 9531 10487
24 12 3 11017 11664
24 12 2 11749 12429
24 12 3 12527 13156
24 12 2 13259 13953
24 12 3 14145 14774
24 12 2 14905 15585
25 12 5 189 1753
25 12 7 1754 1943
25 12 4 1944 2651
25 12 8 2652 2789
25 12 5 2790 3635
25 12 11 3636 3802
25 12 6 3803 5087
25 12 10 5088 5266
25 12 4 5267 6420
25 12 9 6421 6602
25 12 6 6603 7687
25 12 12 7688 7875
25 12 1 8546 9406
25 12 1 9606 10436
25 12 3 11000 11548
25 12 2 11656 12286
25 12 3 12443 13012
25 12 2 13146 13776
25 12 3 13902 14415
25 12 2 14567 15214
26 13 5 304 1423
26 13 7 1574 1711
26 13 4 1712 2616
26 13 8 2617 2758
26 13 5 2759 3728
26 13 11 3729 3923
26 13 6 3924 4866
26 13 10 4867 5056
26 13 4 5057 5881
26 13 9 5882 6107
26 13 6 6108 7364
26 13 12 7365 7623
26 13 1 8559 9528
26 13 1 9848 10942
26 13 3 11773 12461
26 13 2 12621 13443
26 13 3 13747 14440
26 13 2 14552 15272
26 13 3 15443 16088
26 13 2 16216 16969
27 13 5 474 1431
27 13 7 1432 1681
27 13 4 1682 2422
27 13 8 2423 2581
27 13 5 2582 3788
27 13 11 3789 3979
27 13 6 3980 4972
27 13 10 4973 5165
27 13 4 5166 6200
27 13 9 6201 6412
27 13 6 6413 7498
27 13 12 7499 7695
27 13 1 8583 9515
27 13 1 9759 10762
27 13 3 11588 12114
27 13 2 12277 12874
27 13 3 13073 13625
27 13 2 13793 14430
27 13 3 14628 15132
27 13 2 15274 15892
28 14 5 210 1372
28 14 7 1373 1670
28 14 4 1671 2549
28 14 8 2550 2685
28 14 5 2686 3654
28 14 11 3655 3996
28 14 6 3997 4851
28 14 10 4852 5077
28 14 4 5078 6034
28 14 9 6035 6323
28 14 6 6324 7119
28 14 12 7120 7408
28 14 1 8168 9303
28 14 1 9672 10688
28 14 3 11923 12543
28 14 2 12736 13418
28 14 3 13664 14271
28 14 2 14500 15146
28 14 3 15330 15906
28 14 2 16060 16707
29 14 5 342 1379
29 14 7 1380 1556
29 14 4 1557 2578
29 14 8 2579 2718
29 14 5 2719 3811
29 14 11 3812 4075
29 14 6 4076 4872
29 14 10 4873 5019
29 14 4 5020 6034
29 14 9 6035 6206
29 14 6 6207 7220
29 14 12 7221 7417
29 14 1 8208 9240
29 14 1 9536 10538
29 14 3 11254 11807
29 14 2 12030 12691
29 14 3 12879 13442
29 14 2 13575 14286
29 14 3 14429 14997
29 14 2 15121 15753
30 15 5 239 1161
30 15 7 1162 1305
30 15 4 1306 2172
30 15 8 2173 2282
30 15 5 2283 3369
30 15 11 3370 3563
30 15 6 3564 4489
30 15 10 4490 4655
30 15 4 4656 5763
30 15 9 5764 5965
30 15 6 5966 7515
30 15 12 7516 7716
30 15 1 8601 9593
30 15 1 9858 10817
30 15 3 11585 12152
30 15 2 12291 12899
30 15 3 13041 13601
30 15 2 13780 14388
30 15 3 14609 15139
30 15 2 15302 15914
31 15 5 185 1229
31 15 7 1230 1367
31 15 4 1368 2448
31 15 8 2449 2601
31 15 5 2602 3489
31 15 11 3490 3752
31 15 6 3753 4929
31 15 10 4930 5098
31 15 4 5099 6322
31 15 9 6323 6527
31 15 6 6528 7985
31 15 12 7986 8144
31 15 1 8869 9818
31 15 1 9989 10929
31 15 3 11591 12137
31 15 2 12288 12882
31 15 3 13047 13598
31 15 2 13710 14309
31 15 3 14469 15005
31 15 2 15122 15736
32 16 5 475 1818
32 16 7 1819 1998
32 16 4 1999 3031
32 16 8 3032 3140
32 16 5 3141 4295
32 16 11 4296 4530
32 16 6 4531 5717
32 16 10 5718 5901
32 16 4 5902 6944
32 16 9 6945 7139
32 16 6 7140 8355
32 16 12 8356 8501
32 16 1 9293 10181
32 16 1 10602 11564
32 16 3 12248 12843
32 16 2 13145 13804
32 16 3 14141 14736
32 16 2 15004 15673
32 16 3 16045 16630
32 16 2 16823 17468
33 16 5 420 2088
33 16 7 2089 2263
33 16 4 2264 3774
33 16 8 3775 3883
33 16 5 3884 5145
33 16 11 5146 5337
33 16 6 5338 6669
33 16 10 6670 6852
33 16 4 6853 7928
33 16 9 7929 8109
33 16 6 8110 9260
33 16 12 9261 9416
33 16 1 10158 11046
33 16 1 11398 12304
33 16 3 13113 13674
33 16 2 13948 14561
33 16 3 14887 15468
33 16 2 15787 16401
33 16 3 16727 17307
33 16 2 17568 18201
34 17 5 398 2429
34 17 7 2430 2571
34 17 4 2708 3823
34 17 8 3824 3976
34 17 5 3977 5073
34 17 11 5074 5311
34 17 6 5312 6362
34 17 10 6363 6573
34 17 4 6574 7787
34 17 9 7788 8099
34 17 6 8100 9588
34 17 12 9589 9788
34 17 1 10862 12031
34 17 1 12448 13529
34 17 3 14527 15204
34 17 2 15650 16252
34 17 3 16581 17185
34 17 2 17557 18172
34 17 3 18512 19042
34 17 2 19326 19924
35 17 5 414 1680
35 17 7 1681 1834
35 17 4 1835 2969
35 17 8 2970 3127
35 17 5 3128 4409
35 17 11 4410 4745
35 17 6 4746 5811
35 17 10 5812 6082
35 17 4 6083 7145
35 17 9 7146 7347
35 17 6 7348 8875
35 17 12 8876 9113
35 17 1 10091 11142
35 17 1 11545 12559
35 17 3 13292 13886
35 17 2 14099 14736
35 17 3 15049 15585
35 17 2 15877 16503
35 17 3 16811 17400
35 17 2 17666 18303
36 18 5 704 2198
36 18 7 2199 2505
36 18 4 2506 3549
36 18 8 3550 3731
36 18 5 3732 5183
36 18 11 5184 5480
36 18 6 5481 6648
36 18 10 6649 6893
36 18 4 6894 8115
36 18 9 8116 8366
36 18 6 8367 9677
36 18 12 9678 9883
36 18 1 11529 12516
36 18 1 13026 14054
36 18 3 15158 15876
36 18 2 16345 17063
36 18 3 17459 18139
36 18 2 18546 19239
36 18 3 19653 20333
36 18 2 20688 21413
37 18 5 827 2132
37 18 7 2133 2359
37 18 4 2360 3318
37 18 8 3319 3494
37 18 5 3495 4683
37 18 11 4684 4927
37 18 6 4928 6122
37 18 10 6123 6287
37 18 4 6288 7356
37 18 9 7357 7555
37 18 6 7556 8787
37 18 12 8788 8979
37 18 1 9977 10989
37 18 1 11351 12297
37 18 3 13290 13934
37 18 2 14237 14914
37 18 3 15269 15933
37 18 2 16236 16939
37 18 3 17265 17943
37 18 2 18280 19003
38 19 5 1417 2797
38 19 7 2798 2976
38 19 4 2977 4274
38 19 8 4275 4409
38 19 5 4410 5872
38 19 11 5873 6128
38 19 6 6129 7559
38 19 10 7560 7756
38 19 4 7757 9036
38 19 9 9037 9212
38 19 6 9213 10638
38 19 12 10639 10799
38 19 1 11469 12479
38 19 1 12579 13502
38 19 3 14097 14653
38 19 2 14803 15349
38 19 3 15536 16062
38 19 2 16246 16782
38 19 3 16952 17467
38 19 2 17720 18245
39 19 5 518 1723
39 19 7 1724 1886
39 19 4 1887 2935
39 19 8 2936 3057
39 19 5 3058 4206
39 19 11 4207 4526
39 19 6 4527 6096
39 19 10 6097 6246
39 19 4 6247 7654
39 19 9 7655 7857
39 19 6 7858 9194
39 19 12 9195 9334
39 19 1 9950 10853
39 19 1 11080 11958
39 19 3 12576 13063
39 19 2 13232 13776
39 19 3 13916 14411
39 19 2 14522 15013
39 19 3 15128 15607
39 19 2 15743 16229
40 20 5 594 2071
40 20 7 2072 2272
40 20 4 2273 3617
40 20 8 3618 3799
40 20 5 3800 5014
40 20 11 5145 5569
40 20 6 5570 6781
40 20 10 6782 6937
40 20 4 6938 8038
40 20 9 8039 8335
40 20 6 8336 9351
40 20 12 9352 9523
40 20 1 10276 11251
40 20 1 11647 12565
40 20 3 13187 13741
40 20 2 14015 14640
40 20 3 15004 15560
40 20 2 16088 16808
40 20 3 17074 17697
40 20 2 17859 18476
41 20 5 303 1713
41 20 7 1714 1932
41 20 4 1933 2939
41 20 8 2940 3060
41 20 5 3061 4293
41 20 11 4294 4658
41 20 6 4659 5909
41 20 10 5910 6101
41 20 4 6102 7321
41 20 9 7322 7602
41 20 6 7769 8975
41 20 12 8976 9133
41 20 1 9946 10785
41 20 1 10961 11828
41 20 3 12344 12956
41 20 2 13070 13699
41 20 3 13846 14396
41 20 2 14544 15201
41 20 3 15354 15972
41 20 2 16103 16738
42 21 5 385 1998
42 21 7 1999 2175
42 21 4 2176 3748
42 21 8 3749 3894
42 21 5 3895 5564
42 21 11 5565 5877
42 21 6 5878 7186
42 21 10 7187 7390
42 21 4 7391 9012
42 21 9 9013 9214
42 21 6 9215 10909
42 21 12 10910 11115
42 21 1 11949 12942
42 21 1 13272 14211
42 21 3 14936 15509
42 21 2 15696 16339
42 21 3 16650 17250
42 21 2 17530 18126
42 21 3 18356 18967
42 21 2 19166 19774
43 21 5 279 1872
43 21 7 1873 2012
43 21 4 2013 3281
43 21 8 3282 3399
43 21 5 3400 4933
43 21 11 4934 5207
43 21 6 5208 6812
43 21 10 6813 7008
43 21 4 7009 8388
43 21 9 8389 8600
43 21 6 8601 10112
43 21 12 10113 10308
43 21 1 11211 12097
43 21 1 12456 13386
43 21 3 14047 14664
43 21 2 14819 15402
43 21 3 15573 16120
43 21 2 16294 16865
43 21 3 17012 17574
43 21 2 17739 18307
44 22 5 599 1696
44 22 7 1697 1910
44 22 4 1911 2991
44 22 8 2992 3095
44 22 5 3096 4246
44 22 11 4247 4419
44 22 6 4420 5493
44 22 10 5494 5678
44 22 4 5679 6896
44 22 9 6897 7032
44 22 6 7033 8517
44 22 12 8518 8774
44 22 1 9605 10453
44 22 1 10744 11526
44 22 3 12730 13221
44 22 2 13408 13955
44 22 3 14179 14661
44 22 2 14894 15435
44 22 3 15696 16202
44 22 2 16439 16970
45 22 5 836 2078
45 22 7 2079 2197
45 22 4 2198 3206
45 22 8 3207 3312
45 22 5 3313 4381
45 22 11 4382 4520
45 22 6 4521 5894
45 22 10 5895 6055
45 22 4 6056 7134
45 22 9 7135 7293
45 22 6 7294 8359
45 22 10 8360 8516
45 22 8 8843 8934
45 22 1 9788 10628
45 22 1 10928 11741
45 22 3 12700 13190
45 22 2 13361 13909
45 22 3 14089 14589
45 22 2 14732 15293
45 22 3 15569 16079
45 22 2 16307 16864
46 23 5 1186 2465
46 23 7 2466 2608
46 23 4 2609 3914
46 23 8 3915 4035
46 23 5 4036 5179
46 23 11 5180 5432
46 23 6 5433 6470
46 23 10 6471 6644
46 23 4 6645 7992
46 23 9 7993 8205
46 23 6 8206 9462
46 23 12 9463 9638
46 23 1 10472 11533
46 23 1 11694 12723
46 23 3 13825 14494
46 23 2 14711 15356
46 23 3 15606 16265
46 23 2 16399 16985
46 23 3 17303 17944
46 23 2 18110 18687
47 23 5 424 1597
47 23 7 1598 1819
47 23 4 1820 2774
47 23 8 2775 2924
47 23 5 2925 4223
47 23 11 4224 4483
47 23 6 4484 6041
47 23 10 6042 6212
47 23 4 6213 7340
47 23 9 7341 7559
47 23 6 7560 8660
47 23 12 8661 8821
47 23 1 9607 10673
47 23 1 10809 11815
47 23 3 12723 13402
47 23 2 13522 14142
47 23 3 14294 14952
47 23 2 15055 15729
47 23 3 15892 16556
47 23 2 16692 17355
48 24 5 484 1705
48 24 7 1706 1876
48 24 4 1877 3242
48 24 8 3243 3351
48 24 5 3352 4513
48 24 11 4514 5007
48 24 6 5008 6268
48 24 10 6269 6478
48 24 4 6479 7573
48 24 9 7574 7807
48 24 6 7808 9088
48 24 12 9089 9410
48 24 1 10923 11939
48 24 1 12132 13092
48 24 3 13920 14336
48 24 3 14372 14595
48 24 2 15408 16104
48 24 3 16302 17044
48 24 2 17176 17928
48 24 3 18131 18852
48 24 2 18989 19741
49 24 5 483 1786
49 24 7 1787 1973
49 24 4 1974 3033
49 24 8 3034 3157
49 24 5 3158 4357
49 24 11 4358 4605
49 24 6 4606 5827
49 24 10 5828 6007
49 24 4 6008 7381
49 24 9 7382 7587
49 24 6 7588 8838
49 24 12 8839 9034
49 24 1 10013 11026
49 24 1 11275 12375
49 24 3 13286 13989
49 24 2 14130 14850
49 24 3 15015 15702
49 24 2 15814 16538
49 24 3 16683 17374
49 24 2 17519 18243
50 25 5 409 1748
50 25 7 1749 1886
50 25 4 1887 3046
50 25 8 3047 3198
50 25 5 3199 4462
50 25 11 4463 4647
50 25 6 4648 6024
50 25 10 6025 6304
50 25 4 6305 7527
50 25 9 7528 7726
50 25 6 7727 8784
50 25 12 8785 9107
50 25 1 10170 11483
50 25 1 11819 12995
50 25 3 14023 14670
50 25 2 14818 15601
50 25 3 15833 16557
50 25 2 16654 17546
50 25 3 17850 18633
50 25 2 18807 19654
51 25 5 236 1507
51 25 7 1508 1726
51 25 4 1727 2766
51 25 8 2767 2939
51 25 5 2940 4287
51 25 11 4288 4528
51 25 6 4529 5981
51 25 10 5982 6196
51 25 4 6197 7326
51 25 9 7327 7507
51 25 6 7508 8835
51 25 12 8836 9022
51 25 1 10193 11603
51 25 1 11984 13181
51 25 3 14138 14786
51 25 2 14952 15698
51 25 3 15904 16601
51 25 2 16724 17449
51 25 3 17698 18408
51 25 2 18528 19256
52 26 5 314 2009
52 26 7 2010 2138
52 26 4 2139 3607
52 26 8 3608 3789
52 26 5 3790 4839
52 26 11 4840 5017
52 26 6 5018 6223
52 26 10 6224 6385
52 26 4 6386 7998
52 26 9 7999 8183
52 26 6 8184 9360
52 26 12 9361 9604
52 26 1 10832 11880
52 26 1 12202 13116
52 26 3 13926 14547
52 26 2 15079 15840
52 26 3 16228 16866
52 26 2 17125 17774
52 26 3 18162 18817
52 26 2 19036 19705
53 26 5 543 1874
53 26 7 1875 2025
53 26 4 2026 3160
53 26 8 3161 3262
53 26 5 3263 4479
53 26 11 4480 4646
53 26 6 4647 5963
53 26 10 5964 6137
53 26 4 6138 7380
53 26 9 7381 7593
53 26 6 7594 9134
53 26 12 9135 9317
53 26 1 10536 11638
53 26 1 11997 13066
53 26 3 13933 14624
53 26 2 14892 15548
53 26 3 15845 16448
53 26 2 16664 17335
53 26 3 17635 18257
53 26 2 18570 19216
54 27 5 462 1726
54 27 7 1727 1894
54 27 4 1895 3158
54 27 8 3159 3256
54 27 5 3257 4563
54 27 11 4564 4779
54 27 6 4780 6013
54 27 10 6014 6167
54 27 4 6168 7523
54 27 9 7524 7750
54 27 6 7751 9065
54 27 12 9066 9190
54 27 1 9917 10882
54 27 1 11111 12130
54 27 3 12698 13266
54 27 2 13474 14091
54 27 3 14348 14894
54 27 2 15097 15764
54 27 3 15958 16539
54 27 2 16746 17369
55 27 5 415 2116
55 27 7 2117 2304
55 27 4 2305 3439
55 27 8 3440 3540
55 27 5 3541 4906
55 27 11 4907 5071
55 27 6 5072 6723
55 27 10 6724 6872
55 27 4 6873 8117
55 27 9 8118 8342
55 27 6 8343 9393
55 27 12 9394 9546
55 27 1 10397 11402
55 27 1 11623 12652
55 27 3 13258 13869
55 27 2 14037 14696
55 27 3 14912 15513
55 27 2 15686 16350
55 27 3 16566 16941
55 27 3 16960 17191
55 27 2 17383 18009
56 28 5 369 1835
56 28 7 1836 2094
56 28 4 2095 3535
56 28 8 3536 3673
56 28 5 3674 5148
56 28 6 5721 6957
56 28 4 7545 9140
56 28 9 9141 9366
56 28 6 9367 10978
56 28 12 10979 11159
56 28 1 11834 12500
56 28 1 12588 12982
56 28 1 13153 14155
56 28 3 15018 15640
56 28 2 15811 16496
56 28 3 16655 17264
56 28 2 17407 18117
56 28 3 18235 18844
56 28 2 18961 19643
57 28 5 1166 2255
57 28 7 2256 2417
57 28 4 2418 3474
57 28 8 3475 3595
57 28 5 3596 5005
57 28 6 5475 6758
57 28 4 7069 8105
57 28 9 8106 8306
57 28 6 8307 9573
57 28 12 9574 9740
57 28 1 10428 11358
57 28 1 11463 12375
57 28 3 12900 13500
57 28 2 13607 14206
57 28 3 14340 14910
57 28 2 15020 15631
57 28 3 15784 16320
57 28 2 16433 16996
58 29 5 424 1602
58 29 7 1603 1759
58 29 4 1760 2803
58 29 8 2804 2978
58 29 5 2979 4054
58 29 11 4055 4288
58 29 6 4289 5530
58 29 10 5531 5767
58 29 4 5768 6717
58 29 9 6718 7043
58 29 6 7044 8526
58 29 12 8527 8705
58 29 1 9682 10633
58 29 1 10972 11874
58 29 3 12706 13330
58 29 2 13625 14274
58 29 3 14527 15132
58 29 2 15364 15991
58 29 3 16280 16882
58 29 2 17110 17331
58 29 2 17338 17787
59 29 5 557 1600
59 29 7 1601 1769
59 29 4 1770 2868
59 29 8 2869 3002
59 29 5 3003 4396
59 29 11 4397 4583
59 29 6 4584 5643
59 29 10 5644 5813
59 29 4 5814 6917
59 29 9 6918 7118
59 29 6 7119 8133
59 29 12 8134 8278
59 29 1 9167 10134
59 29 1 10425 11360
59 29 3 12143 12724
59 29 2 12898 13532
59 29 3 13784 14375
59 29 2 14574 15183
59 29 3 15410 16005
59 29 2 16225 16845
60 30 5 3734 4579
60 30 7 4580 4692
60 30 4 4693 5703
60 30 8 5704 5854
60 30 5 5855 7131
60 30 11 7132 7287
60 30 6 7288 8557
60 30 10 8558 8724
60 30 4 8725 10029
60 30 9 10030 10212
60 30 6 10213 11761
60 30 12 11762 11920
60 30 1 12942 14090
60 30 1 14416 15588
60 30 3 16494 17316
60 30 2 17510 18404
60 30 3 18594 19473
60 30 2 19655 20527
60 30 3 20762 21555
60 30 2 21752 22540
61 30 5 574 1622
61 30 7 1623 1838
61 30 4 1839 2772
61 30 8 2773 2900
61 30 5 2901 4197
61 30 11 4198 4446
61 30 6 4447 5657
61 30 10 5658 5896
61 30 4 5897 7165
61 30 9 7166 7457
61 30 6 7458 8524
61 30 12 8525 8671
61 30 1 9676 10779
61 30 1 11106 12197
61 30 3 12956 13637
61 30 2 13842 14574
61 30 3 14751 15427
61 30 2 15588 16319
61 30 3 16546 17250
61 30 2 17394 18097
